6	172	10	23	10	21	21	6	20	9	20	20	22	
Loci_6			CAB	DOR	FJD	GUA	HUM	ISB	LIZ	MYZ	STI	VIQ	
Ind	Pop	IgdL12		IgdL14		Igdl17		Igdl19		IgdL20		Igdl24	
29CAB	CAB	186	186	0	0	0	0	248	248	200	202	176	176
133CAB	CAB	186	186	0	0	0	0	0	0	0	0	176	184
134CAB	CAB	182	186	191	191	255	255	245	250	200	202	176	176
135CAB	CAB	182	182	191	191	255	255	0	0	202	202	175	167
136CAB	CAB	182	186	193	197	239	255	247	248	0	0	175	175
137CAB	CAB	0	0	191	193	256	256	0	0	190	190	175	175
138CAB	CAB	186	194	0	0	0	0	245	245	208	202	156	184
139CAB	CAB	182	194	182	182	224	224	231	248	205	205	184	184
140CAB	CAB	0	0	184	193	224	258	248	248	210	212	172	184
141CAB	CAB	0	0	191	191	0	0	248	248	0	0	176	186
142CAB	CAB	190	193	0	0	0	0	248	248	200	200	0	0
143CAB	CAB	186	198	193	193	0	0	248	248	190	210	176	176
144CAB	CAB	188	194	193	193	0	0	0	0	190	190	172	186
145CAB	CAB	186	188	191	193	0	0	229	229	202	202	174	186
146CAB	CAB	186	188	0	0	0	0	248	250	202	202	0	0
147CAB	CAB	0	0	0	0	0	0	248	276	212	212	0	0
148CAB	CAB	186	192	0	0	0	0	0	0	190	190	0	0
149CAB	CAB	192	192	180	193	0	0	230	248	0	0	176	176
150CAB	CAB	186	186	0	0	0	0	248	248	209	209	176	176
151CAB	CAB	186	186	0	0	0	0	245	245	205	205	176	176
152CAB	CAB	186	194	0	0	0	0	228	248	190	210	176	176
155CAB	CAB	182	198	0	0	0	0	0	0	0	0	0	0
156CAB	CAB	0	0	0	0	0	0	248	248	208	208	176	176
8DOR	DOR	188	194	0	0	0	0	228	248	200	206	176	176
9DOR	DOR	186	188	191	197	255	255	248	250	196	196	176	176
10DOR	DOR	182	186	191	197	0	0	248	248	200	200	176	176
11DOR	DOR	182	182	0	0	0	0	245	250	216	214	176	176
12DOR	DOR	0	0	0	0	0	0	248	248	0	0	0	0
14DOR	DOR	193	201	191	197	251	251	0	0	0	0	0	0
17DOR	DOR	182	186	0	0	0	0	248	250	187	187	176	176
22DOR	DOR	182	186	0	0	0	0	245	250	200	200	176	176
30DOR	DOR	182	186	0	0	0	0	248	250	200	200	176	176
222DOR	DOR	186	186	190	192	247	255	228	228	205	205	174	174
1FJD	FJD	186	198	0	0	0	0	248	248	205	250	176	176
2FJD	FJD	170	182	0	0	0	0	228	248	200	200	176	176
3FJD	FJD	186	194	191	197	0	0	248	250	402	205	176	176
4FJD	FJD	182	182	0	0	0	0	228	248	200	205	176	176
5FJD	FJD	182	182	0	0	0	0	228	248	200	216	176	176
6FJD	FJD	184	188	0	0	0	0	245	245	200	205	176	176
173FJD	FJD	182	182	180	182	250	254	228	250	205	205	0	0
174FJD	FJD	182	188	190	196	246	250	245	245	205	205	0	0
175FJD	FJD	0	0	0	0	0	0	0	0	0	0	0	0
176FJD	FJD	0	0	0	0	0	0	0	0	0	0	0	0
177FJD	FJD	0	0	0	0	0	0	0	0	0	0	0	0
180FJD	FJD	182	188	182	196	251	254	228	250	205	205	176	176
181FJD	FJD	182	188	196	196	254	254	248	245	205	218	0	0
182FJD	FJD	0	0	190	196	246	254	228	250	202	202	172	184
183FJD	FJD	182	188	190	196	246	254	228	245	200	205	176	184
184FJD	FJD	186	188	0	0	245	254	0	0	192	205	176	176
185FJD	FJD	182	186	190	190	246	246	228	245	0	0	0	0
186FJD	FJD	188	194	190	190	250	254	228	250	205	205	176	176
187FJD	FJD	182	186	190	196	245	250	245	245	200	207	178	178
188FJD	FJD	186	186	0	0	236	254	0	0	205	202	176	176
189FJD	FJD	182	182	189	190	250	254	248	250	205	205	176	176
35GUA	GUA	182	182	174	184	191	193	0	0	190	190	176	176
36GUA	GUA	176	188	174	184	240	240	250	258	202	202	0	0
37GUA	GUA	0	0	197	197	241	241	258	258	0	0	176	176
38GUA	GUA	0	0	193	193	241	241	245	245	202	202	176	178
39GUA	GUA	0	0	193	193	239	246	247	247	0	0	0	0
157GUA	GUA	186	194	0	0	0	0	248	248	190	190	176	178
158GUA	GUA	182	198	0	0	0	0	0	0	190	190	176	178
159GUA	GUA	182	186	191	197	0	0	245	500	202	207	176	178
160GUA	GUA	240	240	191	197	255	255	251	251	200	211	175	175
161GUA	GUA	182	182	0	0	0	0	245	245	200	200	176	184
162GUA	GUA	189	195	193	197	0	0	245	245	205	205	0	0
163GUA	GUA	182	194	193	193	255	255	250	248	202	208	186	186
164GUA	GUA	0	0	191	193	0	0	0	0	0	0	0	183
165GUA	GUA	184	186	0	0	0	0	0	0	0	0	0	0
166GUA	GUA	182	182	0	0	0	0	0	0	202	202	0	0
167GUA	GUA	182	186	191	197	255	255	250	250	192	205	0	0
168GUA	GUA	182	194	0	0	0	0	248	248	205	202	176	186
169GUA	GUA	0	0	0	0	0	0	250	250	0	0	0	0
170GUA	GUA	0	0	189	189	0	0	245	245	0	0	0	0
171GUA	GUA	182	188	190	196	239	260	250	250	200	207	176	176
172GUA	GUA	182	186	190	196	246	254	248	248	200	207	176	176
31HUM	HUM	191	196	0	0	0	0	0	0	0	0	0	0
32HUM	HUM	182	182	0	0	0	0	245	245	0	0	174	174
33HUM	HUM	182	186	0	0	0	0	0	0	202	202	176	176
34HUM	HUM	184	188	180	180	197	197	248	254	205	205	176	176
220HUM	HUM	182	188	189	190	246	254	0	0	202	205	176	176
221HUM	HUM	182	186	190	190	250	250	250	250	0	0	0	0
236ISB	ISB	182	190	176	190	246	254	228	245	0	0	0	0
237ISB	ISB	182	194	189	190	246	246	190	245	0	0	176	176
238ISB	ISB	186	194	190	192	246	246	248	250	0	0	176	176
239ISB	ISB	182	182	190	190	246	250	245	250	207	207	176	176
240ISB	ISB	182	182	190	192	251	257	250	250	196	211	176	176
241ISB	ISB	0	0	190	190	0	0	245	245	202	207	176	176
242ISB	ISB	188	190	0	0	251	255	0	0	0	0	176	176
243ISB	ISB	182	182	176	190	250	254	248	248	202	211	176	176
244ISB	ISB	182	188	176	190	240	254	245	245	205	205	0	0
245ISB	ISB	182	182	189	190	0	0	248	250	0	0	176	176
246ISB	ISB	182	182	190	190	250	250	245	245	0	0	176	176
247ISB	ISB	182	182	176	190	246	250	228	250	0	0	0	0
248ISB	ISB	184	188	176	190	0	0	228	245	0	0	0	0
249ISB	ISB	194	195	180	192	245	245	250	245	0	0	0	0
250ISB	ISB	0	0	190	190	0	0	0	0	0	0	176	176
251ISB	ISB	182	194	189	190	239	254	248	248	0	0	0	0
252ISB	ISB	189	189	0	0	0	0	0	0	205	205	176	176
253ISB	ISB	182	194	180	182	240	254	245	245	200	200	176	176
254ISB	ISB	182	194	0	0	250	254	0	0	0	0	176	176
255ISB	ISB	190	190	0	0	254	254	0	0	207	207	176	176
13LIZ	LIZ	182	184	0	0	0	0	0	0	190	190	176	176
15LIZ	LIZ	182	182	0	0	0	0	0	0	0	0	176	176
16LIZ	LIZ	182	188	0	0	0	0	228	250	202	208	176	176
18LIZ	LIZ	0	0	0	0	0	0	248	248	200	200	176	176
24LIZ	LIZ	182	182	191	197	0	0	229	248	0	0	176	176
40LIZ	LIZ	0	0	0	0	0	0	248	250	0	0	0	0
42LIZ	LIZ	190	190	0	0	191	191	0	0	0	0	172	184
43LIZ	LIZ	0	0	191	191	251	255	249	256	0	0	0	0
44LIZ	LIZ	0	0	191	191	255	255	0	0	202	208	0	0
19MYZ	MYZ	193	207	0	0	0	0	0	0	0	0	0	0
20MYZ	MYZ	173	207	191	193	0	0	248	250	0	0	176	176
21MYZ	MYZ	194	194	0	0	0	0	0	0	200	202	176	176
23MYZ	MYZ	182	186	0	0	0	0	248	250	200	205	176	176
25MYZ	MYZ	182	186	191	197	0	0	229	250	0	0	176	176
26MYZ	MYZ	182	194	0	0	0	0	0	0	0	0	0	0
205MYZ	MYZ	182	182	190	192	239	254	233	245	202	182	176	184
206MYZ	MYZ	182	182	0	0	245	254	0	0	205	205	174	178
207MYZ	MYZ	182	182	190	196	0	0	228	250	200	200	176	176
208MYZ	MYZ	182	182	192	192	245	254	245	248	202	202	174	174
209MYZ	MYZ	182	186	192	192	239	257	248	248	202	205	176	176
210MYZ	MYZ	182	182	176	190	240	250	231	231	0	0	0	0
211MYZ	MYZ	182	186	190	192	240	240	228	248	202	205	176	176
212MYZ	MYZ	182	192	190	196	254	254	248	248	202	218	176	178
213MYZ	MYZ	182	182	190	190	254	258	245	250	0	0	0	0
214MYZ	MYZ	182	182	189	190	239	239	269	269	202	202	176	178
215MYZ	MYZ	0	0	192	196	0	0	228	271	202	218	174	174
216MYZ	MYZ	182	182	190	192	239	254	248	248	205	205	176	176
217MYZ	MYZ	182	182	180	192	239	250	245	250	202	218	174	178
218MYZ	MYZ	182	186	176	190	240	246	0	0	202	218	176	176
45STI	STI	0	0	191	197	239	239	0	0	0	0	0	0
46STI	STI	0	0	0	0	0	0	245	245	205	211	176	184
47STI	STI	0	0	191	191	191	191	188	188	0	0	0	0
48STI	STI	0	0	181	191	0	0	248	250	200	206	176	176
49STI	STI	0	0	0	0	0	0	0	0	0	0	176	176
51STI	STI	0	0	0	0	0	0	0	0	192	207	176	176
52STI	STI	182	186	0	0	0	0	250	250	200	205	176	176
55STI	STI	182	182	191	197	251	255	245	248	205	205	176	176
62STI	STI	182	194	0	0	0	0	228	228	200	204	176	176
63STI	STI	186	194	0	0	0	0	0	0	205	205	176	176
64STI	STI	182	182	0	0	0	0	245	245	0	0	176	176
65STI	STI	182	186	191	197	255	255	250	256	207	207	184	184
66STI	STI	182	194	191	191	255	255	245	250	200	206	0	0
72STI	STI	182	182	191	197	255	255	233	250	200	200	184	184
80STI	STI	182	192	0	0	255	255	0	0	205	205	184	184
81STI	STI	182	186	191	191	256	256	230	255	200	200	184	184
82STI	STI	182	186	0	0	240	248	188	255	202	202	184	184
83STI	STI	192	198	191	193	251	251	246	250	384	184	184	184
84STI	STI	182	198	0	0	0	0	0	0	0	0	0	0
94STI	STI	182	194	191	197	255	255	248	248	204	204	183	184
7VIQ	VIQ	193	207	0	0	0	0	245	245	182	210	176	176
85VIQ	VIQ	243	243	0	0	0	0	248	250	205	208	174	174
86VIQ	VIQ	0	0	0	0	0	0	250	250	207	207	174	183
88VIQ	VIQ	182	182	0	0	0	0	228	228	205	205	176	183
89VIQ	VIQ	0	0	0	0	0	0	245	248	200	218	176	176
90VIQ	VIQ	0	0	0	0	0	0	245	248	200	210	176	176
91VIQ	VIQ	182	188	0	0	0	0	0	0	0	0	184	184
92VIQ	VIQ	182	188	0	0	0	0	0	0	205	218	176	176
93VIQ	VIQ	182	188	182	191	0	0	245	245	200	200	174	174
95VIQ	VIQ	182	182	0	0	0	0	0	0	0	0	0	0
190VIQ	VIQ	186	188	189	190	236	245	228	250	200	200	176	176
191VIQ	VIQ	186	186	174	190	246	246	228	245	180	207	176	176
192VIQ	VIQ	186	186	190	196	238	246	245	245	182	200	176	176
193VIQ	VIQ	182	186	190	196	246	246	228	228	205	200	172	184
194VIQ	VIQ	182	186	182	196	250	254	245	245	200	200	174	174
195VIQ	VIQ	182	182	190	192	250	254	228	250	0	0	172	184
196VIQ	VIQ	186	188	190	196	238	255	228	248	205	202	172	183
197VIQ	VIQ	182	188	190	190	255	255	248	245	205	205	172	183
198VIQ	VIQ	182	182	190	196	246	250	228	228	180	180	172	184
224VIQ	VIQ	182	186	190	190	251	255	0	0	0	0	0	0
225VIQ	VIQ	189	189	190	190	245	250	228	250	205	205	176	176
226VIQ	VIQ	182	186	190	190	255	255	228	245	205	207	176	205