6	41	8	2	2	5	4	4	8	6	10			
Indviduals_W6			CAB	DOR	FJD	GUA	ISB	MYZ	STI	VIQ			
Ind	Pop	IgdL12		IgdL14		Igdl17		Igdl19		IgdL20		Igdl24	
134CAB	CAB	182	186	191	191	255	255	245	250	200	202	176	176
139CAB	CAB	182	194	182	182	224	224	231	248	205	205	184	184
9DOR	DOR	186	188	191	197	255	255	248	250	196	196	176	176
222DOR	DOR	186	186	190	192	247	255	228	228	205	205	174	174
180FJD	FJD	182	188	182	196	251	254	228	250	205	205	176	176
183FJD	FJD	182	188	190	196	246	254	228	245	200	205	176	184
186FJD	FJD	188	194	190	190	250	254	228	250	205	205	176	176
187FJD	FJD	182	186	190	196	245	250	245	245	200	207	178	178
189FJD	FJD	182	182	189	190	250	254	248	250	205	205	176	176
160GUA	GUA	240	240	191	197	255	255	251	251	200	211	175	175
163GUA	GUA	182	194	193	193	255	255	250	248	202	208	186	186
171GUA	GUA	182	188	190	196	239	260	250	250	200	207	176	176
172GUA	GUA	182	186	190	196	246	254	248	248	200	207	176	176
239ISB	ISB	182	182	190	190	246	250	245	250	207	207	176	176
240ISB	ISB	182	182	190	192	251	257	250	250	196	211	176	176
243ISB	ISB	182	182	176	190	250	254	248	248	202	211	176	176
253ISB	ISB	182	194	180	182	240	254	245	245	200	200	176	176
205MYZ	MYZ	182	182	190	192	239	254	233	245	202	182	176	184
208MYZ	MYZ	182	182	192	192	245	254	245	248	202	202	174	174
209MYZ	MYZ	182	186	192	192	239	257	248	248	202	205	176	176
211MYZ	MYZ	182	186	190	192	240	240	228	248	202	205	176	176
212MYZ	MYZ	182	192	190	196	254	254	248	248	202	218	176	178
214MYZ	MYZ	182	182	189	190	239	239	269	269	202	202	176	178
216MYZ	MYZ	182	182	190	192	239	254	248	248	205	205	176	176
217MYZ	MYZ	182	182	180	192	239	250	245	250	202	218	174	178
55STI	STI	182	182	191	197	251	255	245	248	205	205	176	176
65STI	STI	182	186	191	197	255	255	250	256	207	207	184	184
72STI	STI	182	182	191	197	255	255	233	250	200	200	184	184
81STI	STI	182	186	191	191	256	256	230	255	200	200	184	184
83STI	STI	192	198	191	193	251	251	246	250	384	184	184	184
94STI	STI	182	194	191	197	255	255	248	248	204	204	183	184
190VIQ	VIQ	186	188	189	190	236	245	228	250	200	200	176	176
191VIQ	VIQ	186	186	174	190	246	246	228	245	180	207	176	176
192VIQ	VIQ	186	186	190	196	238	246	245	245	182	200	176	176
193VIQ	VIQ	182	186	190	196	246	246	228	228	205	200	172	184
194VIQ	VIQ	182	186	182	196	250	254	245	245	200	200	174	174
196VIQ	VIQ	186	188	190	196	238	255	228	248	205	202	172	183
197VIQ	VIQ	182	188	190	190	255	255	248	245	205	205	172	183
198VIQ	VIQ	182	182	190	196	246	250	228	228	180	180	172	184
225VIQ	VIQ	189	189	190	190	245	250	228	250	205	205	176	176
226VIQ	VIQ	182	186	190	190	255	255	228	245	205	207	176	205